{
 "cells": [
  {
   "cell_type": "code",
   "execution_count": 3,
   "metadata": {},
   "outputs": [],
   "source": [
    "from qiskit import *\n",
    "from qhomer.pngTools import *\n",
    "from qiskit.chemistry import set_qiskit_chemistry_logging\n",
    "import logging\n",
    "import math \n",
    "from qiskit.aqua.components.optimizers import L_BFGS_B\n",
    "import numpy as np\n",
    "from qiskit.aqua.algorithms import VQE\n",
    "from qiskit.aqua.components.variational_forms import RYRZ\n",
    "import logging\n",
    "from qiskit.aqua.algorithms import ExactEigensolver\n",
    "from qiskit.aqua.operators import MatrixOperator\n",
    "def diagonalize(self, k):\n",
    "   exact_eigensolver = ExactEigensolver(self, k=k)\n",
    "   return(exact_eigensolver.run())\n",
    "MatrixOperator.diagonalize = diagonalize"
   ]
  },
  {
   "cell_type": "code",
   "execution_count": 4,
   "metadata": {},
   "outputs": [],
   "source": [
    "def HAMILTON_FUNCTION(filename):\n",
    "    \n",
    "    psi = rgbImage2grayVector(read(filename))\n",
    "    # psi = np.sqrt(tmp)\n",
    "    norm = np.linalg.norm(psi,2)\n",
    "    psi0 = psi/norm\n",
    "    print(psi0, \"psi0\")\n",
    "    #nextpowerof2 = 2**(math.ceil(math.log2(len(psi0))))\n",
    "    \n",
    "    DiagVector = np.transpose([psi0])\n",
    "    \n",
    "    Hemiltonian = -(np.kron(DiagVector,psi0))\n",
    "   \n",
    "    print(Hemiltonian, \"hemiltonian\")\n",
    "    \n",
    "    \n",
    "    HamiltOP = MatrixOperator(Hemiltonian)\n",
    "    return HamiltOP"
   ]
  },
  {
   "cell_type": "code",
   "execution_count": 19,
   "metadata": {},
   "outputs": [],
   "source": [
    "def QHOMER_VQE(HamiltOP, n_qubits):\n",
    "   \n",
    "    backend = Aer.get_backend('statevector_simulator')\n",
    "    \n",
    "    optimizer = L_BFGS_B(maxfun=10000)\n",
    "\n",
    "    \n",
    "    var_form = RYRZ(n_qubits, depth = 3)\n",
    "    set_qiskit_chemistry_logging(logging.INFO)\n",
    "    print(var_form.num_parameters)\n",
    "    set_qiskit_chemistry_logging(logging.INFO)\n",
    "    algorithm = VQE(HamiltOP, var_form, optimizer, operator_mode='matrix')\n",
    "    \n",
    "    result = algorithm.run(backend)\n",
    "    \n",
    "    return result\n"
   ]
  },
  {
   "cell_type": "code",
   "execution_count": 20,
   "metadata": {
    "scrolled": true
   },
   "outputs": [
    {
     "name": "stderr",
     "output_type": "stream",
     "text": [
      "F:\\Anaconda\\lib\\site-packages\\qiskit\\aqua\\algorithms\\adaptive\\vqe\\vqe.py:105: DeprecationWarning: operator_mode option is deprecated and it will be removed after 0.6. Now the operator has its own mode, no need extra info to tell the VQE.\n",
      "  \"Now the operator has its own mode, no need extra info to tell the VQE.\", DeprecationWarning)\n",
      "2019-09-14 11:33:57,725:qiskit.aqua.algorithms.adaptive.vqe.vqe:INFO: \n",
      "==================== Setting of VQE ============================\n",
      "Algorithm: VQE\n",
      "-- quantum_instance: None\n",
      "-- var_form: <qiskit.aqua.components.variational_forms.ryrz.RYRZ object at 0x0000025C7D2D0978>\n",
      "-- optimizer: <qiskit.aqua.components.optimizers.l_bfgs_b.L_BFGS_B object at 0x0000025C7D042080>\n",
      "-- cost_fn: <bound method VQE._energy_evaluation of <qiskit.aqua.algorithms.adaptive.vqe.vqe.VQE object at 0x0000025C7D2A0550>>\n",
      "-- initial_point: Random seed\n",
      "-- callback: None\n",
      "-- operator: Representation: matrix, qubits: 4, size: 16x16\n",
      "-- eval_count: 0\n",
      "-- aux_operators: []\n",
      "-- auto_conversion: True\n",
      "===============================================================\n",
      "Variational Form: RYRZ\n",
      "-- num_parameters: 32\n",
      "-- num_qubits: 4\n",
      "-- bounds: [(-3.141592653589793, 3.141592653589793), (-3.141592653589793, 3.141592653589793), (-3.141592653589793, 3.141592653589793), (-3.141592653589793, 3.141592653589793), (-3.141592653589793, 3.141592653589793), (-3.141592653589793, 3.141592653589793), (-3.141592653589793, 3.141592653589793), (-3.141592653589793, 3.141592653589793), (-3.141592653589793, 3.141592653589793), (-3.141592653589793, 3.141592653589793), (-3.141592653589793, 3.141592653589793), (-3.141592653589793, 3.141592653589793), (-3.141592653589793, 3.141592653589793), (-3.141592653589793, 3.141592653589793), (-3.141592653589793, 3.141592653589793), (-3.141592653589793, 3.141592653589793), (-3.141592653589793, 3.141592653589793), (-3.141592653589793, 3.141592653589793), (-3.141592653589793, 3.141592653589793), (-3.141592653589793, 3.141592653589793), (-3.141592653589793, 3.141592653589793), (-3.141592653589793, 3.141592653589793), (-3.141592653589793, 3.141592653589793), (-3.141592653589793, 3.141592653589793), (-3.141592653589793, 3.141592653589793), (-3.141592653589793, 3.141592653589793), (-3.141592653589793, 3.141592653589793), (-3.141592653589793, 3.141592653589793), (-3.141592653589793, 3.141592653589793), (-3.141592653589793, 3.141592653589793), (-3.141592653589793, 3.141592653589793), (-3.141592653589793, 3.141592653589793)]\n",
      "-- depth: 3\n",
      "-- entangler_map: [[0, 1], [0, 2], [0, 3], [1, 2], [1, 3], [2, 3]]\n",
      "-- entangled_qubits: [0, 1, 2, 3]\n",
      "-- initial_state: None\n",
      "-- entanglement_gate: cz\n",
      "-- skip_unentangled_qubits: False\n",
      "===============================================================\n",
      "Optimizer: L_BFGS_B\n",
      "-- gradient_support_level: 2\n",
      "-- bounds_support_level: 2\n",
      "-- initial_point_support_level: 3\n",
      "-- options: {'maxfun': 10000, 'maxiter': 15000, 'factr': 10, 'iprint': -1, 'epsilon': 1e-08}\n",
      "-- max_evals_grouped: 1\n",
      "===============================================================\n",
      "\n",
      "2019-09-14 11:33:57,741:qiskit.aqua.quantum_instance:INFO: statevector backend only works with shot=1, change shots from 1024 to 1.\n",
      "2019-09-14 11:33:57,741:qiskit.aqua.quantum_instance:INFO: \n",
      "Qiskit Terra version: 0.9.0\n",
      "Backend: 'statevector_simulator (AerProvider)', with following setting:\n",
      "{'basis_gates': ['u1', 'u2', 'u3', 'cx', 'cz', 'cu1', 'id', 'x', 'y', 'z', 'h', 's', 'sdg', 't', 'tdg', 'ccx', 'swap', 'multiplexer', 'snapshot', 'unitary', 'reset', 'initialize'], 'coupling_map': None}\n",
      "{'pass_manager': None, 'initial_layout': None, 'seed_transpiler': None, 'optimization_level': None}\n",
      "RunConfig(max_credits=10, shots=1)\n",
      "{'timeout': None}\n",
      "{}\n",
      "{}\n",
      "Measurement mitigation: None\n",
      "2019-09-14 11:33:57,741:qiskit.aqua.algorithms.adaptive.vqe.vqe:INFO: When running with Aer statevector simulator, represent operator as weighted paulis could achieve the better performance. We convert the operator to weighted paulis.\n"
     ]
    },
    {
     "name": "stdout",
     "output_type": "stream",
     "text": [
      "[0.21911679 0.30911118 0.33258798 0.09651573 0.07303893 0.30258985\n",
      " 0.04564933 0.29606852 0.31563251 0.07564746 0.30519838 0.28302585\n",
      " 0.33258798 0.25824479 0.28824292 0.10434133] psi0\n",
      "[[-0.04801217 -0.06773145 -0.07287561 -0.02114822 -0.01600406 -0.06630252\n",
      "  -0.01000254 -0.06487358 -0.06916038 -0.01657563 -0.06687409 -0.06201572\n",
      "  -0.07287561 -0.05658577 -0.06315886 -0.02286294]\n",
      " [-0.06773145 -0.09554972 -0.10280666 -0.02983409 -0.02257715 -0.09353391\n",
      "  -0.01411072 -0.09151809 -0.09756554 -0.02338348 -0.09434023 -0.08748645\n",
      "  -0.10280666 -0.07982635 -0.08909911 -0.03225307]\n",
      " [-0.07287561 -0.10280666 -0.11061476 -0.03209997 -0.02429187 -0.10063775\n",
      "  -0.01518242 -0.09846883 -0.10497558 -0.02515944 -0.10150531 -0.094131\n",
      "  -0.11061476 -0.08588911 -0.09586613 -0.03470267]\n",
      " [-0.02114822 -0.02983409 -0.03209997 -0.00931529 -0.00704941 -0.02920468\n",
      "  -0.00440588 -0.02857527 -0.0304635  -0.00730117 -0.02945644 -0.02731645\n",
      "  -0.03209997 -0.02492468 -0.02781998 -0.01007058]\n",
      " [-0.01600406 -0.02257715 -0.02429187 -0.00704941 -0.00533469 -0.02210084\n",
      "  -0.00333418 -0.02162453 -0.02305346 -0.00552521 -0.02229136 -0.02067191\n",
      "  -0.02429187 -0.01886192 -0.02105295 -0.00762098]\n",
      " [-0.06630252 -0.09353391 -0.10063775 -0.02920468 -0.02210084 -0.09156062\n",
      "  -0.01381302 -0.08958733 -0.09550719 -0.02289015 -0.09234993 -0.08564075\n",
      "  -0.10063775 -0.07814225 -0.08721938 -0.03157263]\n",
      " [-0.01000254 -0.01411072 -0.01518242 -0.00440588 -0.00333418 -0.01381302\n",
      "  -0.00208386 -0.01351533 -0.01440841 -0.00345326 -0.0139321  -0.01291994\n",
      "  -0.01518242 -0.0117887  -0.0131581  -0.00476311]\n",
      " [-0.06487358 -0.09151809 -0.09846883 -0.02857527 -0.02162453 -0.08958733\n",
      "  -0.01351533 -0.08765657 -0.09344885 -0.02239683 -0.09035963 -0.08379504\n",
      "  -0.09846883 -0.07645815 -0.08533965 -0.03089218]\n",
      " [-0.06916038 -0.09756554 -0.10497558 -0.0304635  -0.02305346 -0.09550719\n",
      "  -0.01440841 -0.09344885 -0.09962388 -0.0238768  -0.09633053 -0.08933216\n",
      "  -0.10497558 -0.08151045 -0.09097884 -0.03293352]\n",
      " [-0.01657563 -0.02338348 -0.02515944 -0.00730117 -0.00552521 -0.02289015\n",
      "  -0.00345326 -0.02239683 -0.0238768  -0.00572254 -0.02308748 -0.02141019\n",
      "  -0.02515944 -0.01953556 -0.02180485 -0.00789316]\n",
      " [-0.06687409 -0.09434023 -0.10150531 -0.02945644 -0.02229136 -0.09234993\n",
      "  -0.0139321  -0.09035963 -0.09633053 -0.02308748 -0.09314605 -0.08637903\n",
      "  -0.10150531 -0.07881589 -0.08797127 -0.03184481]\n",
      " [-0.06201572 -0.08748645 -0.094131   -0.02731645 -0.02067191 -0.08564075\n",
      "  -0.01291994 -0.08379504 -0.08933216 -0.02141019 -0.08637903 -0.08010363\n",
      "  -0.094131   -0.07308995 -0.0815802  -0.02953129]\n",
      " [-0.07287561 -0.10280666 -0.11061476 -0.03209997 -0.02429187 -0.10063775\n",
      "  -0.01518242 -0.09846883 -0.10497558 -0.02515944 -0.10150531 -0.094131\n",
      "  -0.11061476 -0.08588911 -0.09586613 -0.03470267]\n",
      " [-0.05658577 -0.07982635 -0.08588911 -0.02492468 -0.01886192 -0.07814225\n",
      "  -0.0117887  -0.07645815 -0.08151045 -0.01953556 -0.07881589 -0.07308995\n",
      "  -0.08588911 -0.06669037 -0.07443723 -0.0269456 ]\n",
      " [-0.06315886 -0.08909911 -0.09586613 -0.02781998 -0.02105295 -0.08721938\n",
      "  -0.0131581  -0.08533965 -0.09097884 -0.02180485 -0.08797127 -0.0815802\n",
      "  -0.09586613 -0.07443723 -0.08308398 -0.03007565]\n",
      " [-0.02286294 -0.03225307 -0.03470267 -0.01007058 -0.00762098 -0.03157263\n",
      "  -0.00476311 -0.03089218 -0.03293352 -0.00789316 -0.03184481 -0.02953129\n",
      "  -0.03470267 -0.0269456  -0.03007565 -0.01088711]] hemiltonian\n",
      "32\n"
     ]
    },
    {
     "name": "stderr",
     "output_type": "stream",
     "text": [
      "2019-09-14 11:33:57,979:qiskit.aqua.algorithms.adaptive.vq_algorithm:INFO: Starting optimizer.\n",
      "bounds=[(-3.141592653589793, 3.141592653589793), (-3.141592653589793, 3.141592653589793), (-3.141592653589793, 3.141592653589793), (-3.141592653589793, 3.141592653589793), (-3.141592653589793, 3.141592653589793), (-3.141592653589793, 3.141592653589793), (-3.141592653589793, 3.141592653589793), (-3.141592653589793, 3.141592653589793), (-3.141592653589793, 3.141592653589793), (-3.141592653589793, 3.141592653589793), (-3.141592653589793, 3.141592653589793), (-3.141592653589793, 3.141592653589793), (-3.141592653589793, 3.141592653589793), (-3.141592653589793, 3.141592653589793), (-3.141592653589793, 3.141592653589793), (-3.141592653589793, 3.141592653589793), (-3.141592653589793, 3.141592653589793), (-3.141592653589793, 3.141592653589793), (-3.141592653589793, 3.141592653589793), (-3.141592653589793, 3.141592653589793), (-3.141592653589793, 3.141592653589793), (-3.141592653589793, 3.141592653589793), (-3.141592653589793, 3.141592653589793), (-3.141592653589793, 3.141592653589793), (-3.141592653589793, 3.141592653589793), (-3.141592653589793, 3.141592653589793), (-3.141592653589793, 3.141592653589793), (-3.141592653589793, 3.141592653589793), (-3.141592653589793, 3.141592653589793), (-3.141592653589793, 3.141592653589793), (-3.141592653589793, 3.141592653589793), (-3.141592653589793, 3.141592653589793)]\n",
      "initial point=[-1.21846553 -0.06170196 -0.45722199 -2.14732698 -2.97466517 -1.91936223\n",
      "  1.8708525  -0.64118513  0.83418897  0.76839152 -0.36830362  2.83176274\n",
      " -2.12195115  1.9985877   1.56073722  2.12551181 -0.14747644 -2.27515318\n",
      "  0.78231539  1.1627434  -2.25678994 -2.06369531 -0.40927472 -1.57148853\n",
      "  1.58061549 -2.7451236  -1.91437189 -0.79096889  2.76279107  2.06262369\n",
      " -2.92279221 -0.21690646]\n",
      "2019-09-14 11:33:58,167:qiskit.aqua.algorithms.adaptive.vqe.vqe:INFO: Energy evaluation 1 returned -0.005569459661618455\n",
      "2019-09-14 11:33:58,361:qiskit.aqua.algorithms.adaptive.vqe.vqe:INFO: Energy evaluation 2 returned -0.0055694596810298225\n",
      "2019-09-14 11:33:58,712:qiskit.aqua.algorithms.adaptive.vqe.vqe:INFO: Energy evaluation 3 returned -0.005569459703200568\n",
      "2019-09-14 11:33:58,923:qiskit.aqua.algorithms.adaptive.vqe.vqe:INFO: Energy evaluation 4 returned -0.005569459512045205\n",
      "2019-09-14 11:33:59,135:qiskit.aqua.algorithms.adaptive.vqe.vqe:INFO: Energy evaluation 5 returned -0.005569459769698195\n",
      "2019-09-14 11:33:59,332:qiskit.aqua.algorithms.adaptive.vqe.vqe:INFO: Energy evaluation 6 returned -0.005569459559133864\n",
      "2019-09-14 11:33:59,580:qiskit.aqua.algorithms.adaptive.vqe.vqe:INFO: Energy evaluation 7 returned -0.005569459681366438\n",
      "2019-09-14 11:33:59,790:qiskit.aqua.algorithms.adaptive.vqe.vqe:INFO: Energy evaluation 8 returned -0.005569459692729208\n",
      "2019-09-14 11:33:59,920:qiskit.aqua.algorithms.adaptive.vqe.vqe:INFO: Energy evaluation 9 returned -0.005569459790420728\n",
      "2019-09-14 11:34:00,057:qiskit.aqua.algorithms.adaptive.vqe.vqe:INFO: Energy evaluation 10 returned -0.00556945976870472\n",
      "2019-09-14 11:34:00,246:qiskit.aqua.algorithms.adaptive.vqe.vqe:INFO: Energy evaluation 11 returned -0.0055694596179215496\n",
      "2019-09-14 11:34:00,558:qiskit.aqua.algorithms.adaptive.vqe.vqe:INFO: Energy evaluation 12 returned -0.005569459936136588\n",
      "2019-09-14 11:34:00,782:qiskit.aqua.algorithms.adaptive.vqe.vqe:INFO: Energy evaluation 13 returned -0.005569459867415182\n",
      "2019-09-14 11:34:01,002:qiskit.aqua.algorithms.adaptive.vqe.vqe:INFO: Energy evaluation 14 returned -0.005569459639182498\n",
      "2019-09-14 11:34:01,199:qiskit.aqua.algorithms.adaptive.vqe.vqe:INFO: Energy evaluation 15 returned -0.005569459621224354\n",
      "2019-09-14 11:34:01,430:qiskit.aqua.algorithms.adaptive.vqe.vqe:INFO: Energy evaluation 16 returned -0.0055694596475121035\n",
      "2019-09-14 11:34:01,616:qiskit.aqua.algorithms.adaptive.vqe.vqe:INFO: Energy evaluation 17 returned -0.0055694598017598275\n",
      "2019-09-14 11:34:01,857:qiskit.aqua.algorithms.adaptive.vqe.vqe:INFO: Energy evaluation 18 returned -0.005569459695251244\n",
      "2019-09-14 11:34:02,005:qiskit.aqua.algorithms.adaptive.vqe.vqe:INFO: Energy evaluation 19 returned -0.005569459605936343\n",
      "2019-09-14 11:34:02,137:qiskit.aqua.algorithms.adaptive.vqe.vqe:INFO: Energy evaluation 20 returned -0.0055694595953465105\n",
      "2019-09-14 11:34:02,261:qiskit.aqua.algorithms.adaptive.vqe.vqe:INFO: Energy evaluation 21 returned -0.005569459972433575\n",
      "2019-09-14 11:34:02,435:qiskit.aqua.algorithms.adaptive.vqe.vqe:INFO: Energy evaluation 22 returned -0.005569459726126885\n",
      "2019-09-14 11:34:02,625:qiskit.aqua.algorithms.adaptive.vqe.vqe:INFO: Energy evaluation 23 returned -0.005569459597951567\n",
      "2019-09-14 11:34:02,801:qiskit.aqua.algorithms.adaptive.vqe.vqe:INFO: Energy evaluation 24 returned -0.005569459669649129\n",
      "2019-09-14 11:34:02,995:qiskit.aqua.algorithms.adaptive.vqe.vqe:INFO: Energy evaluation 25 returned -0.0055694597820709\n",
      "2019-09-14 11:34:03,157:qiskit.aqua.algorithms.adaptive.vqe.vqe:INFO: Energy evaluation 26 returned -0.005569459564204743\n",
      "2019-09-14 11:34:03,363:qiskit.aqua.algorithms.adaptive.vqe.vqe:INFO: Energy evaluation 27 returned -0.005569459630721151\n",
      "2019-09-14 11:34:03,553:qiskit.aqua.algorithms.adaptive.vqe.vqe:INFO: Energy evaluation 28 returned -0.005569459921306386\n",
      "2019-09-14 11:34:03,760:qiskit.aqua.algorithms.adaptive.vqe.vqe:INFO: Energy evaluation 29 returned -0.005569459423578355\n",
      "2019-09-14 11:34:03,888:qiskit.aqua.algorithms.adaptive.vqe.vqe:INFO: Energy evaluation 30 returned -0.00556945970702564\n",
      "2019-09-14 11:34:04,012:qiskit.aqua.algorithms.adaptive.vqe.vqe:INFO: Energy evaluation 31 returned -0.005569459672776651\n",
      "2019-09-14 11:34:04,222:qiskit.aqua.algorithms.adaptive.vqe.vqe:INFO: Energy evaluation 32 returned -0.005569459689689313\n",
      "2019-09-14 11:34:04,360:qiskit.aqua.algorithms.adaptive.vqe.vqe:INFO: Energy evaluation 33 returned -0.0055694595416467384\n",
      "2019-09-14 11:34:04,514:qiskit.aqua.algorithms.adaptive.vqe.vqe:INFO: Energy evaluation 34 returned -0.011628193139560226\n",
      "2019-09-14 11:34:04,682:qiskit.aqua.algorithms.adaptive.vqe.vqe:INFO: Energy evaluation 35 returned -0.011628193153928712\n",
      "2019-09-14 11:34:04,863:qiskit.aqua.algorithms.adaptive.vqe.vqe:INFO: Energy evaluation 36 returned -0.01162819319806823\n",
      "2019-09-14 11:34:05,031:qiskit.aqua.algorithms.adaptive.vqe.vqe:INFO: Energy evaluation 37 returned -0.011628192910977114\n",
      "2019-09-14 11:34:05,197:qiskit.aqua.algorithms.adaptive.vqe.vqe:INFO: Energy evaluation 38 returned -0.011628193302977896\n",
      "2019-09-14 11:34:05,369:qiskit.aqua.algorithms.adaptive.vqe.vqe:INFO: Energy evaluation 39 returned -0.011628192996086539\n",
      "2019-09-14 11:34:05,564:qiskit.aqua.algorithms.adaptive.vqe.vqe:INFO: Energy evaluation 40 returned -0.011628193166022437\n",
      "2019-09-14 11:34:05,763:qiskit.aqua.algorithms.adaptive.vqe.vqe:INFO: Energy evaluation 41 returned -0.01162819316359616\n",
      "2019-09-14 11:34:05,913:qiskit.aqua.algorithms.adaptive.vqe.vqe:INFO: Energy evaluation 42 returned -0.011628193324990732\n",
      "2019-09-14 11:34:06,033:qiskit.aqua.algorithms.adaptive.vqe.vqe:INFO: Energy evaluation 43 returned -0.011628193302740432\n",
      "2019-09-14 11:34:06,172:qiskit.aqua.algorithms.adaptive.vqe.vqe:INFO: Energy evaluation 44 returned -0.01162819308077739\n",
      "2019-09-14 11:34:06,344:qiskit.aqua.algorithms.adaptive.vqe.vqe:INFO: Energy evaluation 45 returned -0.011628193518397573\n",
      "2019-09-14 11:34:06,559:qiskit.aqua.algorithms.adaptive.vqe.vqe:INFO: Energy evaluation 46 returned -0.011628193435470776\n",
      "2019-09-14 11:34:06,816:qiskit.aqua.algorithms.adaptive.vqe.vqe:INFO: Energy evaluation 47 returned -0.011628193108571423\n",
      "2019-09-14 11:34:06,991:qiskit.aqua.algorithms.adaptive.vqe.vqe:INFO: Energy evaluation 48 returned -0.011628193076482322\n",
      "2019-09-14 11:34:07,169:qiskit.aqua.algorithms.adaptive.vqe.vqe:INFO: Energy evaluation 49 returned -0.011628193116090903\n",
      "2019-09-14 11:34:07,342:qiskit.aqua.algorithms.adaptive.vqe.vqe:INFO: Energy evaluation 50 returned -0.011628193343845215\n",
      "2019-09-14 11:34:07,565:qiskit.aqua.algorithms.adaptive.vqe.vqe:INFO: Energy evaluation 51 returned -0.011628193185869821\n",
      "2019-09-14 11:34:07,753:qiskit.aqua.algorithms.adaptive.vqe.vqe:INFO: Energy evaluation 52 returned -0.01162819306204286\n",
      "2019-09-14 11:34:07,887:qiskit.aqua.algorithms.adaptive.vqe.vqe:INFO: Energy evaluation 53 returned -0.011628193041867994\n"
     ]
    },
    {
     "name": "stderr",
     "output_type": "stream",
     "text": [
      "2019-09-14 11:34:08,006:qiskit.aqua.algorithms.adaptive.vqe.vqe:INFO: Energy evaluation 54 returned -0.011628193587176556\n",
      "2019-09-14 11:34:08,182:qiskit.aqua.algorithms.adaptive.vqe.vqe:INFO: Energy evaluation 55 returned -0.011628193229899605\n",
      "2019-09-14 11:34:08,374:qiskit.aqua.algorithms.adaptive.vqe.vqe:INFO: Energy evaluation 56 returned -0.011628193051569122\n",
      "2019-09-14 11:34:08,588:qiskit.aqua.algorithms.adaptive.vqe.vqe:INFO: Energy evaluation 57 returned -0.011628193159590716\n",
      "2019-09-14 11:34:08,773:qiskit.aqua.algorithms.adaptive.vqe.vqe:INFO: Energy evaluation 58 returned -0.011628193313364612\n",
      "2019-09-14 11:34:08,979:qiskit.aqua.algorithms.adaptive.vqe.vqe:INFO: Energy evaluation 59 returned -0.011628192985330695\n",
      "2019-09-14 11:34:09,374:qiskit.aqua.algorithms.adaptive.vqe.vqe:INFO: Energy evaluation 60 returned -0.011628193098554365\n",
      "2019-09-14 11:34:09,790:qiskit.aqua.algorithms.adaptive.vqe.vqe:INFO: Energy evaluation 61 returned -0.011628193503429095\n",
      "2019-09-14 11:34:09,920:qiskit.aqua.algorithms.adaptive.vqe.vqe:INFO: Energy evaluation 62 returned -0.011628192796868043\n",
      "2019-09-14 11:34:10,079:qiskit.aqua.algorithms.adaptive.vqe.vqe:INFO: Energy evaluation 63 returned -0.011628193203653485\n",
      "2019-09-14 11:34:10,309:qiskit.aqua.algorithms.adaptive.vqe.vqe:INFO: Energy evaluation 64 returned -0.011628193155113598\n",
      "2019-09-14 11:34:10,594:qiskit.aqua.algorithms.adaptive.vqe.vqe:INFO: Energy evaluation 65 returned -0.011628193180700354\n",
      "2019-09-14 11:34:10,777:qiskit.aqua.algorithms.adaptive.vqe.vqe:INFO: Energy evaluation 66 returned -0.011628192967282677\n",
      "2019-09-14 11:34:11,030:qiskit.aqua.algorithms.adaptive.vqe.vqe:INFO: Energy evaluation 67 returned -0.02401184388501416\n",
      "2019-09-14 11:34:11,314:qiskit.aqua.algorithms.adaptive.vqe.vqe:INFO: Energy evaluation 68 returned -0.02401184387743923\n",
      "2019-09-14 11:34:11,566:qiskit.aqua.algorithms.adaptive.vqe.vqe:INFO: Energy evaluation 69 returned -0.02401184396364257\n",
      "2019-09-14 11:34:11,770:qiskit.aqua.algorithms.adaptive.vqe.vqe:INFO: Energy evaluation 70 returned -0.024011843528972975\n",
      "2019-09-14 11:34:11,906:qiskit.aqua.algorithms.adaptive.vqe.vqe:INFO: Energy evaluation 71 returned -0.024011844133422167\n",
      "2019-09-14 11:34:12,018:qiskit.aqua.algorithms.adaptive.vqe.vqe:INFO: Energy evaluation 72 returned -0.024011843689309077\n",
      "2019-09-14 11:34:12,203:qiskit.aqua.algorithms.adaptive.vqe.vqe:INFO: Energy evaluation 73 returned -0.02401184391897721\n",
      "2019-09-14 11:34:12,415:qiskit.aqua.algorithms.adaptive.vqe.vqe:INFO: Energy evaluation 74 returned -0.024011843877970042\n",
      "2019-09-14 11:34:12,639:qiskit.aqua.algorithms.adaptive.vqe.vqe:INFO: Energy evaluation 75 returned -0.02401184414898083\n",
      "2019-09-14 11:34:12,966:qiskit.aqua.algorithms.adaptive.vqe.vqe:INFO: Energy evaluation 76 returned -0.024011844135549736\n",
      "2019-09-14 11:34:13,118:qiskit.aqua.algorithms.adaptive.vqe.vqe:INFO: Energy evaluation 77 returned -0.024011843808569806\n",
      "2019-09-14 11:34:13,307:qiskit.aqua.algorithms.adaptive.vqe.vqe:INFO: Energy evaluation 78 returned -0.02401184439021759\n",
      "2019-09-14 11:34:13,509:qiskit.aqua.algorithms.adaptive.vqe.vqe:INFO: Energy evaluation 79 returned -0.024011844305042135\n",
      "2019-09-14 11:34:13,719:qiskit.aqua.algorithms.adaptive.vqe.vqe:INFO: Energy evaluation 80 returned -0.024011843843524835\n",
      "2019-09-14 11:34:13,856:qiskit.aqua.algorithms.adaptive.vqe.vqe:INFO: Energy evaluation 81 returned -0.024011843783896678\n",
      "2019-09-14 11:34:13,991:qiskit.aqua.algorithms.adaptive.vqe.vqe:INFO: Energy evaluation 82 returned -0.024011843844416562\n",
      "2019-09-14 11:34:14,141:qiskit.aqua.algorithms.adaptive.vqe.vqe:INFO: Energy evaluation 83 returned -0.02401184418009601\n",
      "2019-09-14 11:34:14,318:qiskit.aqua.algorithms.adaptive.vqe.vqe:INFO: Energy evaluation 84 returned -0.0240118439467546\n",
      "2019-09-14 11:34:14,531:qiskit.aqua.algorithms.adaptive.vqe.vqe:INFO: Energy evaluation 85 returned -0.024011843778898714\n",
      "2019-09-14 11:34:14,698:qiskit.aqua.algorithms.adaptive.vqe.vqe:INFO: Energy evaluation 86 returned -0.024011843741427334\n",
      "2019-09-14 11:34:14,873:qiskit.aqua.algorithms.adaptive.vqe.vqe:INFO: Energy evaluation 87 returned -0.024011844521814277\n",
      "2019-09-14 11:34:15,052:qiskit.aqua.algorithms.adaptive.vqe.vqe:INFO: Energy evaluation 88 returned -0.02401184400861186\n",
      "2019-09-14 11:34:15,240:qiskit.aqua.algorithms.adaptive.vqe.vqe:INFO: Energy evaluation 89 returned -0.024011843766961447\n",
      "2019-09-14 11:34:15,571:qiskit.aqua.algorithms.adaptive.vqe.vqe:INFO: Energy evaluation 90 returned -0.024011843931697342\n",
      "2019-09-14 11:34:15,757:qiskit.aqua.algorithms.adaptive.vqe.vqe:INFO: Energy evaluation 91 returned -0.024011844132343196\n",
      "2019-09-14 11:34:15,934:qiskit.aqua.algorithms.adaptive.vqe.vqe:INFO: Energy evaluation 92 returned -0.024011843635014046\n",
      "2019-09-14 11:34:16,082:qiskit.aqua.algorithms.adaptive.vqe.vqe:INFO: Energy evaluation 93 returned -0.024011843832360453\n",
      "2019-09-14 11:34:16,306:qiskit.aqua.algorithms.adaptive.vqe.vqe:INFO: Energy evaluation 94 returned -0.02401184438260235\n",
      "2019-09-14 11:34:16,533:qiskit.aqua.algorithms.adaptive.vqe.vqe:INFO: Energy evaluation 95 returned -0.024011843397073213\n",
      "2019-09-14 11:34:16,720:qiskit.aqua.algorithms.adaptive.vqe.vqe:INFO: Energy evaluation 96 returned -0.024011843974187284\n",
      "2019-09-14 11:34:16,936:qiskit.aqua.algorithms.adaptive.vqe.vqe:INFO: Energy evaluation 97 returned -0.024011843906034232\n",
      "2019-09-14 11:34:17,150:qiskit.aqua.algorithms.adaptive.vqe.vqe:INFO: Energy evaluation 98 returned -0.024011843944775943\n",
      "2019-09-14 11:34:17,336:qiskit.aqua.algorithms.adaptive.vqe.vqe:INFO: Energy evaluation 99 returned -0.024011843641502696\n",
      "2019-09-14 11:34:17,572:qiskit.aqua.algorithms.adaptive.vqe.vqe:INFO: Energy evaluation 100 returned -0.11000231309550708\n",
      "2019-09-14 11:34:17,776:qiskit.aqua.algorithms.adaptive.vqe.vqe:INFO: Energy evaluation 101 returned -0.11000231285928584\n",
      "2019-09-14 11:34:17,917:qiskit.aqua.algorithms.adaptive.vqe.vqe:INFO: Energy evaluation 102 returned -0.110002313171798\n",
      "2019-09-14 11:34:18,103:qiskit.aqua.algorithms.adaptive.vqe.vqe:INFO: Energy evaluation 103 returned -0.11000231212471444\n",
      "2019-09-14 11:34:18,300:qiskit.aqua.algorithms.adaptive.vqe.vqe:INFO: Energy evaluation 104 returned -0.11000231367449773\n",
      "2019-09-14 11:34:18,671:qiskit.aqua.algorithms.adaptive.vqe.vqe:INFO: Energy evaluation 105 returned -0.11000231279413838\n",
      "2019-09-14 11:34:18,882:qiskit.aqua.algorithms.adaptive.vqe.vqe:INFO: Energy evaluation 106 returned -0.11000231313708575\n",
      "2019-09-14 11:34:19,098:qiskit.aqua.algorithms.adaptive.vqe.vqe:INFO: Energy evaluation 107 returned -0.11000231274867603\n",
      "2019-09-14 11:34:19,289:qiskit.aqua.algorithms.adaptive.vqe.vqe:INFO: Energy evaluation 108 returned -0.11000231359609974\n",
      "2019-09-14 11:34:19,541:qiskit.aqua.algorithms.adaptive.vqe.vqe:INFO: Energy evaluation 109 returned -0.11000231372834303\n",
      "2019-09-14 11:34:19,768:qiskit.aqua.algorithms.adaptive.vqe.vqe:INFO: Energy evaluation 110 returned -0.11000231298865262\n",
      "2019-09-14 11:34:19,913:qiskit.aqua.algorithms.adaptive.vqe.vqe:INFO: Energy evaluation 111 returned -0.11000231379925417\n",
      "2019-09-14 11:34:20,067:qiskit.aqua.algorithms.adaptive.vqe.vqe:INFO: Energy evaluation 112 returned -0.11000231385329601\n",
      "2019-09-14 11:34:20,513:qiskit.aqua.algorithms.adaptive.vqe.vqe:INFO: Energy evaluation 113 returned -0.11000231304020264\n",
      "2019-09-14 11:34:20,855:qiskit.aqua.algorithms.adaptive.vqe.vqe:INFO: Energy evaluation 114 returned -0.1100023127866834\n",
      "2019-09-14 11:34:21,143:qiskit.aqua.algorithms.adaptive.vqe.vqe:INFO: Energy evaluation 115 returned -0.11000231295030721\n",
      "2019-09-14 11:34:21,317:qiskit.aqua.algorithms.adaptive.vqe.vqe:INFO: Energy evaluation 116 returned -0.11000231366145814\n",
      "2019-09-14 11:34:21,545:qiskit.aqua.algorithms.adaptive.vqe.vqe:INFO: Energy evaluation 117 returned -0.11000231318266092\n",
      "2019-09-14 11:34:21,731:qiskit.aqua.algorithms.adaptive.vqe.vqe:INFO: Energy evaluation 118 returned -0.11000231290699451\n",
      "2019-09-14 11:34:21,971:qiskit.aqua.algorithms.adaptive.vqe.vqe:INFO: Energy evaluation 119 returned -0.11000231276128541\n",
      "2019-09-14 11:34:22,116:qiskit.aqua.algorithms.adaptive.vqe.vqe:INFO: Energy evaluation 120 returned -0.11000231428411884\n",
      "2019-09-14 11:34:22,322:qiskit.aqua.algorithms.adaptive.vqe.vqe:INFO: Energy evaluation 121 returned -0.11000231327007237\n"
     ]
    },
    {
     "name": "stderr",
     "output_type": "stream",
     "text": [
      "2019-09-14 11:34:22,592:qiskit.aqua.algorithms.adaptive.vqe.vqe:INFO: Energy evaluation 122 returned -0.1100023129105298\n",
      "2019-09-14 11:34:22,835:qiskit.aqua.algorithms.adaptive.vqe.vqe:INFO: Energy evaluation 123 returned -0.11000231334494007\n",
      "2019-09-14 11:34:23,137:qiskit.aqua.algorithms.adaptive.vqe.vqe:INFO: Energy evaluation 124 returned -0.11000231352597405\n",
      "2019-09-14 11:34:23,324:qiskit.aqua.algorithms.adaptive.vqe.vqe:INFO: Energy evaluation 125 returned -0.11000231234348799\n",
      "2019-09-14 11:34:23,579:qiskit.aqua.algorithms.adaptive.vqe.vqe:INFO: Energy evaluation 126 returned -0.11000231299438318\n",
      "2019-09-14 11:34:23,768:qiskit.aqua.algorithms.adaptive.vqe.vqe:INFO: Energy evaluation 127 returned -0.11000231388903305\n",
      "2019-09-14 11:34:23,897:qiskit.aqua.algorithms.adaptive.vqe.vqe:INFO: Energy evaluation 128 returned -0.11000231215402845\n",
      "2019-09-14 11:34:24,033:qiskit.aqua.algorithms.adaptive.vqe.vqe:INFO: Energy evaluation 129 returned -0.1100023132638646\n",
      "2019-09-14 11:34:24,207:qiskit.aqua.algorithms.adaptive.vqe.vqe:INFO: Energy evaluation 130 returned -0.11000231312981114\n",
      "2019-09-14 11:34:24,418:qiskit.aqua.algorithms.adaptive.vqe.vqe:INFO: Energy evaluation 131 returned -0.1100023132087191\n",
      "2019-09-14 11:34:24,623:qiskit.aqua.algorithms.adaptive.vqe.vqe:INFO: Energy evaluation 132 returned -0.11000231268448393\n",
      "2019-09-14 11:34:24,817:qiskit.aqua.algorithms.adaptive.vqe.vqe:INFO: Energy evaluation 133 returned -0.24659951725194598\n",
      "2019-09-14 11:34:25,095:qiskit.aqua.algorithms.adaptive.vqe.vqe:INFO: Energy evaluation 134 returned -0.2465995166148845\n",
      "2019-09-14 11:34:25,312:qiskit.aqua.algorithms.adaptive.vqe.vqe:INFO: Energy evaluation 135 returned -0.2465995171002763\n",
      "2019-09-14 11:34:25,542:qiskit.aqua.algorithms.adaptive.vqe.vqe:INFO: Energy evaluation 136 returned -0.2465995156159656\n",
      "2019-09-14 11:34:25,776:qiskit.aqua.algorithms.adaptive.vqe.vqe:INFO: Energy evaluation 137 returned -0.24659951791182352\n",
      "2019-09-14 11:34:25,921:qiskit.aqua.algorithms.adaptive.vqe.vqe:INFO: Energy evaluation 138 returned -0.2465995170470733\n",
      "2019-09-14 11:34:26,052:qiskit.aqua.algorithms.adaptive.vqe.vqe:INFO: Energy evaluation 139 returned -0.24659951726399706\n",
      "2019-09-14 11:34:26,203:qiskit.aqua.algorithms.adaptive.vqe.vqe:INFO: Energy evaluation 140 returned -0.246599516265913\n",
      "2019-09-14 11:34:26,332:qiskit.aqua.algorithms.adaptive.vqe.vqe:INFO: Energy evaluation 141 returned -0.246599517760659\n",
      "2019-09-14 11:34:26,534:qiskit.aqua.algorithms.adaptive.vqe.vqe:INFO: Energy evaluation 142 returned -0.24659951824093837\n",
      "2019-09-14 11:34:26,718:qiskit.aqua.algorithms.adaptive.vqe.vqe:INFO: Energy evaluation 143 returned -0.24659951714191305\n",
      "2019-09-14 11:34:26,896:qiskit.aqua.algorithms.adaptive.vqe.vqe:INFO: Energy evaluation 144 returned -0.24659951757234083\n",
      "2019-09-14 11:34:27,084:qiskit.aqua.algorithms.adaptive.vqe.vqe:INFO: Energy evaluation 145 returned -0.2465995178687559\n",
      "2019-09-14 11:34:27,248:qiskit.aqua.algorithms.adaptive.vqe.vqe:INFO: Energy evaluation 146 returned -0.24659951725195556\n",
      "2019-09-14 11:34:27,416:qiskit.aqua.algorithms.adaptive.vqe.vqe:INFO: Energy evaluation 147 returned -0.2465995166498507\n",
      "2019-09-14 11:34:27,699:qiskit.aqua.algorithms.adaptive.vqe.vqe:INFO: Energy evaluation 148 returned -0.2465995169497924\n",
      "2019-09-14 11:34:27,839:qiskit.aqua.algorithms.adaptive.vqe.vqe:INFO: Energy evaluation 149 returned -0.2465995177563353\n",
      "2019-09-14 11:34:28,017:qiskit.aqua.algorithms.adaptive.vqe.vqe:INFO: Energy evaluation 150 returned -0.2465995173038654\n",
      "2019-09-14 11:34:28,217:qiskit.aqua.algorithms.adaptive.vqe.vqe:INFO: Energy evaluation 151 returned -0.2465995170087475\n",
      "2019-09-14 11:34:28,391:qiskit.aqua.algorithms.adaptive.vqe.vqe:INFO: Energy evaluation 152 returned -0.24659951672933775\n",
      "2019-09-14 11:34:28,566:qiskit.aqua.algorithms.adaptive.vqe.vqe:INFO: Energy evaluation 153 returned -0.2465995184058337\n",
      "2019-09-14 11:34:28,780:qiskit.aqua.algorithms.adaptive.vqe.vqe:INFO: Energy evaluation 154 returned -0.2465995172782266\n",
      "2019-09-14 11:34:28,973:qiskit.aqua.algorithms.adaptive.vqe.vqe:INFO: Energy evaluation 155 returned -0.24659951704742958\n",
      "2019-09-14 11:34:29,144:qiskit.aqua.algorithms.adaptive.vqe.vqe:INFO: Energy evaluation 156 returned -0.24659951784960174\n",
      "2019-09-14 11:34:29,358:qiskit.aqua.algorithms.adaptive.vqe.vqe:INFO: Energy evaluation 157 returned -0.2465995175004065\n",
      "2019-09-14 11:34:29,552:qiskit.aqua.algorithms.adaptive.vqe.vqe:INFO: Energy evaluation 158 returned -0.24659951585465453\n",
      "2019-09-14 11:34:29,749:qiskit.aqua.algorithms.adaptive.vqe.vqe:INFO: Energy evaluation 159 returned -0.2465995170096655\n",
      "2019-09-14 11:34:29,890:qiskit.aqua.algorithms.adaptive.vqe.vqe:INFO: Energy evaluation 160 returned -0.24659951787549894\n",
      "2019-09-14 11:34:30,031:qiskit.aqua.algorithms.adaptive.vqe.vqe:INFO: Energy evaluation 161 returned -0.2465995161722555\n",
      "2019-09-14 11:34:30,171:qiskit.aqua.algorithms.adaptive.vqe.vqe:INFO: Energy evaluation 162 returned -0.2465995174914848\n",
      "2019-09-14 11:34:30,400:qiskit.aqua.algorithms.adaptive.vqe.vqe:INFO: Energy evaluation 163 returned -0.2465995173132611\n",
      "2019-09-14 11:34:30,569:qiskit.aqua.algorithms.adaptive.vqe.vqe:INFO: Energy evaluation 164 returned -0.24659951735922062\n",
      "2019-09-14 11:34:30,733:qiskit.aqua.algorithms.adaptive.vqe.vqe:INFO: Energy evaluation 165 returned -0.24659951704523242\n",
      "2019-09-14 11:34:30,929:qiskit.aqua.algorithms.adaptive.vqe.vqe:INFO: Energy evaluation 166 returned -0.38159382172148665\n",
      "2019-09-14 11:34:31,112:qiskit.aqua.algorithms.adaptive.vqe.vqe:INFO: Energy evaluation 167 returned -0.38159382081525306\n",
      "2019-09-14 11:34:31,268:qiskit.aqua.algorithms.adaptive.vqe.vqe:INFO: Energy evaluation 168 returned -0.38159382145061654\n",
      "2019-09-14 11:34:31,445:qiskit.aqua.algorithms.adaptive.vqe.vqe:INFO: Energy evaluation 169 returned -0.38159381984958285\n",
      "2019-09-14 11:34:31,627:qiskit.aqua.algorithms.adaptive.vqe.vqe:INFO: Energy evaluation 170 returned -0.381593822398422\n",
      "2019-09-14 11:34:31,782:qiskit.aqua.algorithms.adaptive.vqe.vqe:INFO: Energy evaluation 171 returned -0.3815938215367805\n",
      "2019-09-14 11:34:31,917:qiskit.aqua.algorithms.adaptive.vqe.vqe:INFO: Energy evaluation 172 returned -0.38159382172148676\n",
      "2019-09-14 11:34:32,034:qiskit.aqua.algorithms.adaptive.vqe.vqe:INFO: Energy evaluation 173 returned -0.3815938205694606\n",
      "2019-09-14 11:34:32,191:qiskit.aqua.algorithms.adaptive.vqe.vqe:INFO: Energy evaluation 174 returned -0.3815938222819932\n",
      "2019-09-14 11:34:32,338:qiskit.aqua.algorithms.adaptive.vqe.vqe:INFO: Energy evaluation 175 returned -0.381593822805976\n",
      "2019-09-14 11:34:32,518:qiskit.aqua.algorithms.adaptive.vqe.vqe:INFO: Energy evaluation 176 returned -0.3815938215823604\n",
      "2019-09-14 11:34:32,751:qiskit.aqua.algorithms.adaptive.vqe.vqe:INFO: Energy evaluation 177 returned -0.38159382187092195\n",
      "2019-09-14 11:34:32,943:qiskit.aqua.algorithms.adaptive.vqe.vqe:INFO: Energy evaluation 178 returned -0.3815938223082968\n",
      "2019-09-14 11:34:33,089:qiskit.aqua.algorithms.adaptive.vqe.vqe:INFO: Energy evaluation 179 returned -0.38159382186157875\n",
      "2019-09-14 11:34:33,266:qiskit.aqua.algorithms.adaptive.vqe.vqe:INFO: Energy evaluation 180 returned -0.38159382094921873\n",
      "2019-09-14 11:34:33,449:qiskit.aqua.algorithms.adaptive.vqe.vqe:INFO: Energy evaluation 181 returned -0.3815938213095054\n",
      "2019-09-14 11:34:33,628:qiskit.aqua.algorithms.adaptive.vqe.vqe:INFO: Energy evaluation 182 returned -0.3815938221445815\n",
      "2019-09-14 11:34:33,792:qiskit.aqua.algorithms.adaptive.vqe.vqe:INFO: Energy evaluation 183 returned -0.3815938217868544\n",
      "2019-09-14 11:34:33,927:qiskit.aqua.algorithms.adaptive.vqe.vqe:INFO: Energy evaluation 184 returned -0.3815938214351172\n",
      "2019-09-14 11:34:34,034:qiskit.aqua.algorithms.adaptive.vqe.vqe:INFO: Energy evaluation 185 returned -0.38159382108579853\n",
      "2019-09-14 11:34:34,192:qiskit.aqua.algorithms.adaptive.vqe.vqe:INFO: Energy evaluation 186 returned -0.3815938228003958\n",
      "2019-09-14 11:34:34,366:qiskit.aqua.algorithms.adaptive.vqe.vqe:INFO: Energy evaluation 187 returned -0.38159382181004287\n",
      "2019-09-14 11:34:34,527:qiskit.aqua.algorithms.adaptive.vqe.vqe:INFO: Energy evaluation 188 returned -0.38159382136353664\n",
      "2019-09-14 11:34:34,711:qiskit.aqua.algorithms.adaptive.vqe.vqe:INFO: Energy evaluation 189 returned -0.3815938225495639\n"
     ]
    },
    {
     "name": "stderr",
     "output_type": "stream",
     "text": [
      "2019-09-14 11:34:34,863:qiskit.aqua.algorithms.adaptive.vqe.vqe:INFO: Energy evaluation 190 returned -0.38159382188365437\n",
      "2019-09-14 11:34:35,020:qiskit.aqua.algorithms.adaptive.vqe.vqe:INFO: Energy evaluation 191 returned -0.381593819857189\n",
      "2019-09-14 11:34:35,263:qiskit.aqua.algorithms.adaptive.vqe.vqe:INFO: Energy evaluation 192 returned -0.38159382144104687\n",
      "2019-09-14 11:34:35,436:qiskit.aqua.algorithms.adaptive.vqe.vqe:INFO: Energy evaluation 193 returned -0.381593822185841\n",
      "2019-09-14 11:34:35,601:qiskit.aqua.algorithms.adaptive.vqe.vqe:INFO: Energy evaluation 194 returned -0.3815938205013088\n",
      "2019-09-14 11:34:35,768:qiskit.aqua.algorithms.adaptive.vqe.vqe:INFO: Energy evaluation 195 returned -0.38159382203332265\n",
      "2019-09-14 11:34:35,890:qiskit.aqua.algorithms.adaptive.vqe.vqe:INFO: Energy evaluation 196 returned -0.3815938219481512\n",
      "2019-09-14 11:34:36,016:qiskit.aqua.algorithms.adaptive.vqe.vqe:INFO: Energy evaluation 197 returned -0.38159382175914897\n",
      "2019-09-14 11:34:36,146:qiskit.aqua.algorithms.adaptive.vqe.vqe:INFO: Energy evaluation 198 returned -0.3815938216127342\n",
      "2019-09-14 11:34:36,300:qiskit.aqua.algorithms.adaptive.vqe.vqe:INFO: Energy evaluation 199 returned -0.548493174102972\n",
      "2019-09-14 11:34:36,491:qiskit.aqua.algorithms.adaptive.vqe.vqe:INFO: Energy evaluation 200 returned -0.5484931730458217\n",
      "2019-09-14 11:34:36,654:qiskit.aqua.algorithms.adaptive.vqe.vqe:INFO: Energy evaluation 201 returned -0.5484931738464653\n",
